%YAML:1.0
---
#####################################################################
# 旧哨兵下云台
#####################################################################
#Q00: 0.05
#Q11: 60
#Q22: 0.2
#Q33: 100
#Q44: 0.03
#
#R00: 1
#R11: 1
#R22: 800
#
#Q00_AC: 0.05
#Q11_AC: 60
#Q22_AC: 0.2
#Q33_AC: 100
#Q44_AC: 0.03
#
#R00_AC: 1
#R11_AC: 1
#R22_AC: 800
#
#DEBUG: 1

#####################################################################
# 新哨兵下云台
#####################################################################
Q00: 0.1
Q11: 100
Q22: 0.1
Q33: 100
Q44: 0.01

R00: 1
R11: 1
R22: 800

Q00_AC: 0.01
Q11_AC: 10
Q22_AC: 0.01
Q33_AC: 10
Q44_AC: 0.01

R00_AC: 1
R11_AC: 1
R22_AC: 800

DEBUG: 1
DEAD_BUFFER: 20

#############
# 能打中
#Q00: 0.01
#Q11: 10
#Q22: 0.01
#Q33: 10
#Q44: 0.01
#
#R00: 0.8
#R11: 1
#R22: 600
#
#Q00_AC: 0.04
#Q11_AC: 40
#Q22_AC: 0.04
#Q33_AC: 40
#Q44_AC: 0.04
#
#R00_AC: 0.8
#R11_AC: 1
#R22_AC: 800
#
#DEBUG: 1
#############

#####################################################################
# 新哨兵上云台
#####################################################################
#Q00: 0.1
#Q11: 100
#Q22: 0.1
#Q33: 100
#Q44: 0.01
#
#R00: 1
#R11: 1
#R22: 800
#
#Q00_AC: 0.01
#Q11_AC: 10
#Q22_AC: 0.01
#Q33_AC: 10
#Q44_AC: 0.01
#
#R00_AC: 1
#R11_AC: 1
#R22_AC: 800
#
#DEBUG: 1
#DEAD_BUFFER: 20
